{"a280_n279_bounded-strongly-corr_01.ttp": 19585.227150,
"a280_n1395_uncorr-similar-weights_05.ttp": 116780.788714,
"a280_n2790_uncorr_10.ttp": 429257.386783,
"fnl4461_n4460_bounded-strongly-corr_01.ttp": 274268.392452,
"fnl4461_n22300_uncorr-similar-weights_05.ttp": 1687851.635483,
"fnl4461_n44600_uncorr_10.ttp": 6592893.462598,
"pla33810_n33809_bounded-strongly-corr_01.ttp": 1958649.220984,
"pla33810_n169045_uncorr-similar-weights_05.ttp": 16470681.856559,
"pla33810_n338090_uncorr_10.ttp": 59470415.753218}